FrakcjeChorychWKolejnychSymulacjach: 
[0.4835, 0.4766, 0.5103, 0.4836, 0.4863, 0.4776, 0.5026, 0.4802, 0.5139, 0.4809, 0.4937, 0.4997, 0.4888, 0.4883, 0.506, 0.4853, 0.4974, 0.4866, 0.4841, 0.5214, 0.5013, 0.5025, 0.4707, 0.4789, 0.5012, 0.4844, 0.4955, 0.5101, 0.5013, 0.5075, 0.4891, 0.4934, 0.5009, 0.5103, 0.5028, 0.5057, 0.4952, 0.5081, 0.5213, 0.4997, 0.5076, 0.485, 0.501, 0.5103, 0.5036, 0.4967, 0.4991, 0.482, 0.505, 0.4937, 0.4985, 0.5069, 0.5115, 0.5018, 0.5007, 0.5114, 0.4927, 0.5, 0.4992, 0.5057, 0.4968, 0.4851, 0.4777, 0.4785, 0.4945, 0.491, 0.5045, 0.5129, 0.4987, 0.5206, 0.5222, 0.4868, 0.4836, 0.495, 0.5039, 0.5079, 0.4948, 0.4961, 0.486, 0.4922, 0.5067, 0.5007, 0.4899, 0.4969, 0.5028, 0.5091, 0.4884, 0.4852, 0.4873, 0.4887, 0.5114, 0.5087, 0.5065, 0.4839, 0.5053, 0.4921, 0.4759, 0.5035, 0.506, 0.5155]

Średnia = 0.497324
Odchylenie stndardowe = 0.011450844616195013

0.497324
0.011450844616195013


0.497324 0.011450844616195013
